13122
13108
13140
13077
13098
13217
13223
13126
13127
13253
13274
13179
13227
13273
13159
13354
13215
13393
13181
13053
13245
13311
13065
13113
13218
13168
13148
13180
13080
13156
13113
13209
13164
13174
13025
13091
13041
13127
13092
13019
13190
13335
13238
13254
13184
13182
13293
13008
12958
13175
13173
13086
13239
13313
13012
13046
13235
13204
13214
13281
12919
13070
13031
13227
13030
13126
13167
13189
13269
13145
13058
13289
13073
13079
13115
13243
13023
13023
13011
13154
13085
13107
13032
13087
13188
13135
13049
13378
13166
12998
13118
13260
13187
13244
13079
12983
13004
13079
13227
13135
13154
13327
13243
13122
13095
13237
13090
13100
13012
13098
13157
13165
13141
13150
13295
12933
13078
13241
12958
13165
13112
12905
12815
12971
13025
12779
12955
12840
12902
12902
12977
12869
12952
13045
12954
12797
12923
12847
12998
12973
13193
12884
13073
12957
13031
13088
12901
13016
13073
13059
12992
13058
13155
13047
13002
13112
13124
13192
13068
12896
13169
13152
13135
13060
13074
13020
13088
13077
13066
13010
13144
13049
13325
13001
13061
13168
13093
13262
13250
13087
13099
13269
13139
13194
13055
13050
13310
13194
13085
12987
13145
13107
13196
13162
13126
13165
13092
13200
13051
13175